static const float s_w1_r[64] = {
    1.0f, 1.0f, 1.0f, 1.0f, 1.0f, 1.0f, 1.0f, 1.0f,
    1.0f, 0.707106781f, 6.123234e-17f, -0.707106781f, -1.0f, -0.707106781f, -1.8369702e-16f, 0.707106781f,
    1.0f, 6.123234e-17f, -1.0f, -1.8369702e-16f, 1.0f, 3.061617e-16f, -1.0f, -4.2862638e-16f,
    1.0f, -0.707106781f, -1.8369702e-16f, 0.707106781f, -1.0f, 0.707106781f, 5.5109106e-16f, -0.707106781f,
    1.0f, -1.0f, 1.0f, -1.0f, 1.0f, -1.0f, 1.0f, -1.0f,
    1.0f, -0.707106781f, 3.061617e-16f, 0.707106781f, -1.0f, 0.707106781f, -2.69484194e-15f, -0.707106781f,
    1.0f, -1.8369702e-16f, -1.0f, 5.5109106e-16f, 1.0f, -2.69484194e-15f, -1.0f, -4.904777e-16f,
    1.0f, 0.707106781f, -4.2862638e-16f, -0.707106781f, -1.0f, -0.707106781f, -4.904777e-16f, 0.707106781f,
};
static const float s_w1_i[64] = {
    -0.0f, -0.0f, -0.0f, -0.0f, -0.0f, -0.0f, -0.0f, -0.0f,
    -0.0f, -0.707106781f, -1.0f, -0.707106781f, -1.2246468e-16f, 0.707106781f, 1.0f, 0.707106781f,
    -0.0f, -1.0f, -1.2246468e-16f, 1.0f, 2.4492936e-16f, -1.0f, -3.6739404e-16f, 1.0f,
    -0.0f, -0.707106781f, 1.0f, -0.707106781f, -3.6739404e-16f, 0.707106781f, -1.0f, 0.707106781f,
    -0.0f, -1.2246468e-16f, 2.4492936e-16f, -3.6739404e-16f, 4.8985872e-16f, -6.123234e-16f, 7.34788079e-16f, -8.57252759e-16f,
    -0.0f, 0.707106781f, -1.0f, 0.707106781f, -6.123234e-16f, -0.707106781f, 1.0f, -0.707106781f,
    -0.0f, 1.0f, -3.6739404e-16f, -1.0f, 7.34788079e-16f, 1.0f, -1.10218212e-15f, -1.0f,
    -0.0f, 0.707106781f, 1.0f, 0.707106781f, -8.57252759e-16f, -0.707106781f, -1.0f, -0.707106781f,
};
static const float s_w2_r[225] = {
    1.0f, 1.0f, 1.0f, 1.0f, 1.0f, 1.0f, 1.0f, 1.0f,
    1.0f, 1.0f, 1.0f, 1.0f, 1.0f, 1.0f, 1.0f, 1.0f,
    0.913545458f, 0.669130606f, 0.309016994f, -0.104528463f, -0.5f, -0.809016994f, -0.978147601f, -0.978147601f,
    -0.809016994f, -0.5f, -0.104528463f, 0.309016994f, 0.669130606f, 0.913545458f, 1.0f, 0.669130606f,
    -0.104528463f, -0.809016994f, -0.978147601f, -0.5f, 0.309016994f, 0.913545458f, 0.913545458f, 0.309016994f,
    -0.5f, -0.978147601f, -0.809016994f, -0.104528463f, 0.669130606f, 1.0f, 0.309016994f, -0.809016994f,
    -0.809016994f, 0.309016994f, 1.0f, 0.309016994f, -0.809016994f, -0.809016994f, 0.309016994f, 1.0f,
    0.309016994f, -0.809016994f, -0.809016994f, 0.309016994f, 1.0f, -0.104528463f, -0.978147601f, 0.309016994f,
    0.913545458f, -0.5f, -0.809016994f, 0.669130606f, 0.669130606f, -0.809016994f, -0.5f, 0.913545458f,
    0.309016994f, -0.978147601f, -0.104528463f, 1.0f, -0.5f, -0.5f, 1.0f, -0.5f,
    -0.5f, 1.0f, -0.5f, -0.5f, 1.0f, -0.5f, -0.5f, 1.0f,
    -0.5f, -0.5f, 1.0f, -0.809016994f, 0.309016994f, 0.309016994f, -0.809016994f, 1.0f,
    -0.809016994f, 0.309016994f, 0.309016994f, -0.809016994f, 1.0f, -0.809016994f, 0.309016994f, 0.309016994f,
    -0.809016994f, 1.0f, -0.978147601f, 0.913545458f, -0.809016994f, 0.669130606f, -0.5f, 0.309016994f,
    -0.104528463f, -0.104528463f, 0.309016994f, -0.5f, 0.669130606f, -0.809016994f, 0.913545458f, -0.978147601f,
    1.0f, -0.978147601f, 0.913545458f, -0.809016994f, 0.669130606f, -0.5f, 0.309016994f, -0.104528463f,
    -0.104528463f, 0.309016994f, -0.5f, 0.669130606f, -0.809016994f, 0.913545458f, -0.978147601f, 1.0f,
    -0.809016994f, 0.309016994f, 0.309016994f, -0.809016994f, 1.0f, -0.809016994f, 0.309016994f, 0.309016994f,
    -0.809016994f, 1.0f, -0.809016994f, 0.309016994f, 0.309016994f, -0.809016994f, 1.0f, -0.5f,
    -0.5f, 1.0f, -0.5f, -0.5f, 1.0f, -0.5f, -0.5f, 1.0f,
    -0.5f, -0.5f, 1.0f, -0.5f, -0.5f, 1.0f, -0.104528463f, -0.978147601f,
    0.309016994f, 0.913545458f, -0.5f, -0.809016994f, 0.669130606f, 0.669130606f, -0.809016994f, -0.5f,
    0.913545458f, 0.309016994f, -0.978147601f, -0.104528463f, 1.0f, 0.309016994f, -0.809016994f, -0.809016994f,
    0.309016994f, 1.0f, 0.309016994f, -0.809016994f, -0.809016994f, 0.309016994f, 1.0f, 0.309016994f,
    -0.809016994f, -0.809016994f, 0.309016994f, 1.0f, 0.669130606f, -0.104528463f, -0.809016994f, -0.978147601f,
    -0.5f, 0.309016994f, 0.913545458f, 0.913545458f, 0.309016994f, -0.5f, -0.978147601f, -0.809016994f,
    -0.104528463f, 0.669130606f, 1.0f, 0.913545458f, 0.669130606f, 0.309016994f, -0.104528463f, -0.5f,
    -0.809016994f, -0.978147601f, -0.978147601f, -0.809016994f, -0.5f, -0.104528463f, 0.309016994f, 0.669130606f,
    0.913545458f,
};
static const float s_w2_i[225] = {
    -0.0f, -0.0f, -0.0f, -0.0f, -0.0f, -0.0f, -0.0f, -0.0f,
    -0.0f, -0.0f, -0.0f, -0.0f, -0.0f, -0.0f, -0.0f, -0.0f,
    -0.406736643f, -0.743144825f, -0.951056516f, -0.994521895f, -0.866025404f, -0.587785252f, -0.207911691f, 0.207911691f,
    0.587785252f, 0.866025404f, 0.994521895f, 0.951056516f, 0.743144825f, 0.406736643f, -0.0f, -0.743144825f,
    -0.994521895f, -0.587785252f, 0.207911691f, 0.866025404f, 0.951056516f, 0.406736643f, -0.406736643f, -0.951056516f,
    -0.866025404f, -0.207911691f, 0.587785252f, 0.994521895f, 0.743144825f, -0.0f, -0.951056516f, -0.587785252f,
    0.587785252f, 0.951056516f, 2.4492936e-16f, -0.951056516f, -0.587785252f, 0.587785252f, 0.951056516f, 4.8985872e-16f,
    -0.951056516f, -0.587785252f, 0.587785252f, 0.951056516f, -0.0f, -0.994521895f, 0.207911691f, 0.951056516f,
    -0.406736643f, -0.866025404f, 0.587785252f, 0.743144825f, -0.743144825f, -0.587785252f, 0.866025404f, 0.406736643f,
    -0.951056516f, -0.207911691f, 0.994521895f, -0.0f, -0.866025404f, 0.866025404f, 2.4492936e-16f, -0.866025404f,
    0.866025404f, 4.8985872e-16f, -0.866025404f, 0.866025404f, 7.34788079e-16f, -0.866025404f, 0.866025404f, 9.79717439e-16f,
    -0.866025404f, 0.866025404f, -0.0f, -0.587785252f, 0.951056516f, -0.951056516f, 0.587785252f, 4.8985872e-16f,
    -0.587785252f, 0.951056516f, -0.951056516f, 0.587785252f, 9.79717439e-16f, -0.587785252f, 0.951056516f, -0.951056516f,
    0.587785252f, -0.0f, -0.207911691f, 0.406736643f, -0.587785252f, 0.743144825f, -0.866025404f, 0.951056516f,
    -0.994521895f, 0.994521895f, -0.951056516f, 0.866025404f, -0.743144825f, 0.587785252f, -0.406736643f, 0.207911691f,
    -0.0f, 0.207911691f, -0.406736643f, 0.587785252f, -0.743144825f, 0.866025404f, -0.951056516f, 0.994521895f,
    -0.994521895f, 0.951056516f, -0.866025404f, 0.743144825f, -0.587785252f, 0.406736643f, -0.207911691f, -0.0f,
    0.587785252f, -0.951056516f, 0.951056516f, -0.587785252f, 7.34788079e-16f, 0.587785252f, -0.951056516f, 0.951056516f,
    -0.587785252f, 1.46957616e-15f, 0.587785252f, -0.951056516f, 0.951056516f, -0.587785252f, -0.0f, 0.866025404f,
    -0.866025404f, 4.8985872e-16f, 0.866025404f, -0.866025404f, 9.79717439e-16f, 0.866025404f, -0.866025404f, 1.46957616e-15f,
    0.866025404f, -0.866025404f, 1.95943488e-15f, 0.866025404f, -0.866025404f, -0.0f, 0.994521895f, -0.207911691f,
    -0.951056516f, 0.406736643f, 0.866025404f, -0.587785252f, -0.743144825f, 0.743144825f, 0.587785252f, -0.866025404f,
    -0.406736643f, 0.951056516f, 0.207911691f, -0.994521895f, -0.0f, 0.951056516f, 0.587785252f, -0.587785252f,
    -0.951056516f, 9.79717439e-16f, 0.951056516f, 0.587785252f, -0.587785252f, -0.951056516f, 1.95943488e-15f, 0.951056516f,
    0.587785252f, -0.587785252f, -0.951056516f, -0.0f, 0.743144825f, 0.994521895f, 0.587785252f, -0.207911691f,
    -0.866025404f, -0.951056516f, -0.406736643f, 0.406736643f, 0.951056516f, 0.866025404f, 0.207911691f, -0.587785252f,
    -0.994521895f, -0.743144825f, -0.0f, 0.406736643f, 0.743144825f, 0.951056516f, 0.994521895f, 0.866025404f,
    0.587785252f, 0.207911691f, -0.207911691f, -0.587785252f, -0.866025404f, -0.994521895f, -0.951056516f, -0.743144825f,
    -0.406736643f,
};
static const float s_tw_r[120] = {
    1.0f, 1.0f, 1.0f, 1.0f, 1.0f, 1.0f, 1.0f, 1.0f,
    1.0f, 0.998629535f, 0.994521895f, 0.987688341f, 0.978147601f, 0.965925826f, 0.951056516f, 0.933580426f,
    1.0f, 0.994521895f, 0.978147601f, 0.951056516f, 0.913545458f, 0.866025404f, 0.809016994f, 0.743144825f,
    1.0f, 0.987688341f, 0.951056516f, 0.891006524f, 0.809016994f, 0.707106781f, 0.587785252f, 0.4539905f,
    1.0f, 0.978147601f, 0.913545458f, 0.809016994f, 0.669130606f, 0.5f, 0.309016994f, 0.104528463f,
    1.0f, 0.965925826f, 0.866025404f, 0.707106781f, 0.5f, 0.258819045f, 6.123234e-17f, -0.258819045f,
    1.0f, 0.951056516f, 0.809016994f, 0.587785252f, 0.309016994f, 6.123234e-17f, -0.309016994f, -0.587785252f,
    1.0f, 0.933580426f, 0.743144825f, 0.4539905f, 0.104528463f, -0.258819045f, -0.587785252f, -0.838670568f,
    1.0f, 0.913545458f, 0.669130606f, 0.309016994f, -0.104528463f, -0.5f, -0.809016994f, -0.978147601f,
    1.0f, 0.891006524f, 0.587785252f, 0.156434465f, -0.309016994f, -0.707106781f, -0.951056516f, -0.987688341f,
    1.0f, 0.866025404f, 0.5f, 6.123234e-17f, -0.5f, -0.866025404f, -1.0f, -0.866025404f,
    1.0f, 0.838670568f, 0.406736643f, -0.156434465f, -0.669130606f, -0.965925826f, -0.951056516f, -0.629320391f,
    1.0f, 0.809016994f, 0.309016994f, -0.309016994f, -0.809016994f, -1.0f, -0.809016994f, -0.309016994f,
    1.0f, 0.777145961f, 0.207911691f, -0.4539905f, -0.913545458f, -0.965925826f, -0.587785252f, 0.0523359562f,
    1.0f, 0.743144825f, 0.104528463f, -0.587785252f, -0.978147601f, -0.866025404f, -0.309016994f, 0.406736643f,
};
static const float s_tw_i[120] = {
    -0.0f, -0.0f, -0.0f, -0.0f, -0.0f, -0.0f, -0.0f, -0.0f,
    -0.0f, -0.0523359562f, -0.104528463f, -0.156434465f, -0.207911691f, -0.258819045f, -0.309016994f, -0.35836795f,
    -0.0f, -0.104528463f, -0.207911691f, -0.309016994f, -0.406736643f, -0.5f, -0.587785252f, -0.669130606f,
    -0.0f, -0.156434465f, -0.309016994f, -0.4539905f, -0.587785252f, -0.707106781f, -0.809016994f, -0.891006524f,
    -0.0f, -0.207911691f, -0.406736643f, -0.587785252f, -0.743144825f, -0.866025404f, -0.951056516f, -0.994521895f,
    -0.0f, -0.258819045f, -0.5f, -0.707106781f, -0.866025404f, -0.965925826f, -1.0f, -0.965925826f,
    -0.0f, -0.309016994f, -0.587785252f, -0.809016994f, -0.951056516f, -1.0f, -0.951056516f, -0.809016994f,
    -0.0f, -0.35836795f, -0.669130606f, -0.891006524f, -0.994521895f, -0.965925826f, -0.809016994f, -0.544639035f,
    -0.0f, -0.406736643f, -0.743144825f, -0.951056516f, -0.994521895f, -0.866025404f, -0.587785252f, -0.207911691f,
    -0.0f, -0.4539905f, -0.809016994f, -0.987688341f, -0.951056516f, -0.707106781f, -0.309016994f, 0.156434465f,
    -0.0f, -0.5f, -0.866025404f, -1.0f, -0.866025404f, -0.5f, -1.2246468e-16f, 0.5f,
    -0.0f, -0.544639035f, -0.913545458f, -0.987688341f, -0.743144825f, -0.258819045f, 0.309016994f, 0.777145961f,
    -0.0f, -0.587785252f, -0.951056516f, -0.951056516f, -0.587785252f, -1.2246468e-16f, 0.587785252f, 0.951056516f,
    -0.0f, -0.629320391f, -0.978147601f, -0.891006524f, -0.406736643f, 0.258819045f, 0.809016994f, 0.998629535f,
    -0.0f, -0.669130606f, -0.994521895f, -0.809016994f, -0.207911691f, 0.5f, 0.951056516f, 0.913545458f,
};
static const float s_rot_r[120] = {
    0.999998661f, 0.999891571f, 0.999613155f, 0.99916346f, 0.998542563f, 0.997750572f, 0.996787621f, 0.995653875f,
    0.99434953f, 0.992874808f, 0.991229961f, 0.989415273f, 0.987431053f, 0.985277642f, 0.982955409f, 0.980464752f,
    0.977806097f, 0.9749799f, 0.971986645f, 0.968826845f, 0.965501042f, 0.962009805f, 0.958353733f, 0.954533451f,
    0.950549616f, 0.946402908f, 0.942094039f, 0.937623748f, 0.932992799f, 0.928201987f, 0.923252132f, 0.918144082f,
    0.912878714f, 0.907456928f, 0.901879654f, 0.896147848f, 0.890262492f, 0.884224593f, 0.878035187f, 0.871695335f,
    0.865206122f, 0.85856866f, 0.851784087f, 0.844853565f, 0.837778282f, 0.83055945f, 0.823198306f, 0.815696111f,
    0.80805415f, 0.800273734f, 0.792356195f, 0.78430289f, 0.776115199f, 0.767794524f, 0.759342291f, 0.750759949f,
    0.742048969f, 0.733210842f, 0.724247083f, 0.715159228f, 0.705948834f, 0.69661748f, 0.687166764f, 0.677598305f,
    0.667913743f, 0.658114738f, 0.648202968f, 0.638180132f, 0.628047947f, 0.617808149f, 0.607462493f, 0.597012752f,
    0.586460715f, 0.575808191f, 0.565057006f, 0.554209001f, 0.543266035f, 0.532229983f, 0.521102737f, 0.509886202f,
    0.498582301f, 0.48719297f, 0.475720161f, 0.46416584f, 0.452531987f, 0.440820594f, 0.429033669f, 0.417173232f,
    0.405241314f, 0.39323996f, 0.381171226f, 0.369037181f, 0.356839903f, 0.344581482f, 0.33226402f, 0.319889625f,
    0.307460419f, 0.294978531f, 0.2824461f, 0.269865274f, 0.257238207f, 0.244567064f, 0.231854016f, 0.21910124f,
    0.206310923f, 0.193485255f, 0.180626435f, 0.167736666f, 0.154818155f, 0.141873117f, 0.12890377f, 0.115912336f,
    0.102901041f, 0.0898721149f, 0.0768277893f, 0.0637702996f, 0.0507018832f, 0.0376247792f, 0.0245412285f, 0.0114534728f,
};
static const float s_rot_i[120] = {
    -0.00163624544f, -0.0147256833f, -0.027812598f, -0.0408947472f, -0.0539698892f, -0.0670357838f, -0.0800901921f, -0.0931308775f,
    -0.106155605f, -0.119162144f, -0.132148265f, -0.145111742f, -0.158050356f, -0.170961889f, -0.183844128f, -0.196694866f,
    -0.209511902f, -0.222293039f, -0.235036087f, -0.247738863f, -0.26039919f, -0.273014899f, -0.285583829f, -0.298103825f,
    -0.310572743f, -0.322988445f, -0.335348805f, -0.347651705f, -0.359895037f, -0.372076702f, -0.384194614f, -0.396246696f,
    -0.408230883f, -0.420145122f, -0.431987372f, -0.443755602f, -0.455447797f, -0.467061954f, -0.478596082f, -0.490048205f,
    -0.501416361f, -0.512698601f, -0.523892994f, -0.53499762f, -0.546010577f, -0.556929978f, -0.567753951f, -0.578480643f,
    -0.589108216f, -0.599634848f, -0.610058735f, -0.620378092f, -0.63059115f, -0.64069616f, -0.65069139f, -0.660575127f,
    -0.670345678f, -0.680001369f, -0.689540545f, -0.698961572f, -0.708262835f, -0.717442741f, -0.726499717f, -0.735432211f,
    -0.744238693f, -0.752917653f, -0.761467604f, -0.769887082f, -0.778174644f, -0.786328869f, -0.794348361f, -0.802231746f,
    -0.809977672f, -0.817584813f, -0.825051865f, -0.832377549f, -0.839560608f, -0.846599814f, -0.853493959f, -0.860241862f,
    -0.866842367f, -0.873294343f, -0.879596685f, -0.885748312f, -0.891748171f, -0.897595234f, -0.903288498f, -0.908826988f,
    -0.914209756f, -0.919435878f, -0.92450446f, -0.929414632f, -0.934165555f, -0.938756412f, -0.943186419f, -0.947454816f,
    -0.951560871f, -0.955503881f, -0.95928317f, -0.962898091f, -0.966348025f, -0.969632379f, -0.972750593f, -0.97570213f,
    -0.978486486f, -0.981103183f, -0.983551773f, -0.985831837f, -0.987942984f, -0.989884851f, -0.991657107f, -0.993259448f,
    -0.994691598f, -0.995953314f, -0.997044378f, -0.997964603f, -0.998713832f, -0.999291937f, -0.999698819f, -0.999934407f,
};
